Cruce Doble
Cuadrado 4x4, Población 8, 1%
([59.875, 55.75, 52.625, 49.625, 43.75, 40.125, 36.0, 35.5, 34.375, 32.25, 31.625, 32.25, 31.875, 31.25, 31.0, 30.75, 29.875, 28.625, 27.625, 27.0, 27.0, 25.875, 25.75, 25.5, 24.5, 23.75, 22.5, 21.25, 20.0, 20.0, 20.0, 20.0, 20.625, 20.0, 20.0, 20.0, 20.0, 20.0, 20.0, 22.5, 20.0, 20.0, 20.0, 20.0, 20.0, 20.0, 20.0, 20.0, 20.0, 20.0], [46, 46, 46, 38, 34, 34, 31, 31, 31, 31, 31, 31, 31, 31, 31, 29, 26, 26, 26, 26, 26, 25, 25, 25, 20, 20, 20, 20, 20, 20, 20, 20, 20, 20, 20, 20, 20, 20, 20, 20, 20, 20, 20, 20, 20, 20, 20, 20, 20, 20], array([[11,  7,  5, 15],
       [ 8, 14, 10,  2],
       [12,  9,  3,  6],
       [ 1,  4, 16, 13]]))
([58.75, 47.0, 42.0, 38.875, 38.0, 36.375, 36.875, 35.125, 32.5, 32.0, 31.625, 30.5, 30.0, 29.0, 29.0, 29.0, 29.0, 29.5, 29.0, 31.125, 29.75, 31.75, 29.0, 29.0, 31.375, 29.0, 29.0, 29.0, 29.25, 29.0, 29.0, 29.0, 29.0, 29.0, 29.0, 29.0, 29.0, 29.0, 29.0, 29.0, 29.0, 29.0, 29.0, 29.0, 29.0, 29.0, 29.0, 29.0, 29.0, 29.0], [49, 33, 33, 33, 33, 33, 33, 33, 29, 29, 29, 29, 29, 29, 29, 29, 29, 29, 29, 29, 29, 29, 29, 29, 29, 29, 29, 29, 29, 29, 29, 29, 29, 29, 29, 29, 29, 29, 29, 29, 29, 29, 29, 29, 29, 29, 29, 29, 29, 29], array([[ 1,  3, 16, 10],
       [ 5, 13,  2,  6],
       [15, 11,  8,  4],
       [12,  7,  9, 14]]))
([62.25, 46.125, 42.0, 39.625, 37.375, 36.125, 33.875, 32.25, 36.25, 30.75, 30.0, 30.0, 30.0, 30.0, 30.0, 30.0, 31.375, 30.125, 30.0, 30.0, 30.0, 29.0, 28.5, 29.375, 26.75, 27.25, 26.0, 26.0, 26.0, 26.0, 26.0, 26.0, 26.0, 26.0, 26.0, 26.0, 26.0, 26.0, 26.0, 26.0, 26.0, 26.0, 26.0, 26.0, 26.0, 24.5, 23.0, 22.875, 21.375, 20.75], [42, 40, 36, 36, 30, 30, 30, 30, 30, 30, 30, 30, 30, 30, 30, 30, 30, 30, 30, 30, 30, 26, 26, 26, 26, 26, 26, 26, 26, 26, 26, 26, 26, 26, 26, 26, 26, 26, 26, 26, 26, 26, 26, 26, 26, 20, 20, 20, 20, 20], array([[ 8, 15,  2, 11],
       [13,  5,  1, 12],
       [ 3,  7, 16,  6],
       [10,  9, 14,  4]]))
([64.75, 53.5, 45.25, 40.25, 38.25, 35.0, 34.125, 33.375, 32.5, 31.5, 30.75, 31.25, 30.5, 30.5, 33.125, 36.25, 30.0, 28.5, 27.0, 26.25, 26.25, 24.75, 24.75, 25.5, 24.0, 25.0, 24.0, 24.0, 24.0, 24.0, 23.5, 23.5, 22.5, 21.125, 19.25, 18.125, 18.5, 17.75, 17.0, 17.0, 17.0, 17.0, 16.75, 16.5, 16.25, 18.625, 16.125, 16.25, 16.125, 16.0], [53, 37, 37, 37, 34, 34, 30, 30, 30, 30, 30, 30, 30, 30, 30, 30, 30, 24, 24, 24, 24, 24, 24, 24, 24, 24, 24, 24, 24, 24, 20, 20, 20, 17, 17, 17, 17, 17, 17, 17, 17, 17, 16, 16, 16, 16, 16, 16, 16, 16], array([[11,  6, 12,  3],
       [ 2,  9, 10, 15],
       [13, 14,  4,  1],
       [ 7,  5,  8, 16]]))
--------------------------------------------------------------------
Cuadrado 4x4, Población 8, 10%
([51.0, 39.5, 37.25, 40.25, 35.0, 35.125, 32.125, 29.5, 27.0, 27.0, 30.875, 27.0, 27.0, 27.0, 29.625, 31.5, 38.625, 27.0, 28.0, 32.375, 27.0, 30.0, 27.0, 27.0, 27.0, 33.625, 33.625, 27.0, 27.0, 34.625, 29.25, 27.0, 30.625, 32.0, 29.25, 27.0, 27.0, 30.25, 28.625, 26.75, 32.375, 31.625, 33.125, 26.0, 26.625, 25.375, 24.75, 28.125, 24.5, 22.5], [29, 27, 27, 27, 27, 27, 27, 27, 27, 27, 27, 27, 27, 27, 27, 27, 27, 27, 27, 27, 27, 27, 27, 27, 27, 27, 27, 27, 27, 27, 27, 27, 27, 27, 27, 27, 27, 26, 26, 26, 26, 26, 26, 26, 26, 21, 21, 21, 21, 21], array([[ 5, 16,  4, 11],
       [13,  8,  7, 10],
       [ 1,  3, 15, 12],
       [14,  6,  9,  2]]))
([55.625, 49.375, 41.125, 37.125, 34.625, 30.75, 28.125, 31.0, 27.125, 19.375, 17.25, 25.125, 21.25, 14.0, 14.25, 12.0, 12.0, 12.0, 12.0, 18.5, 16.25, 19.625, 27.125, 14.875, 12.25, 18.75, 19.125, 11.25, 10.75, 9.75, 13.625, 17.0, 13.125, 8.5, 8.75, 8.5, 8.0, 11.5, 8.0, 8.0, 8.0, 16.875, 8.0, 8.0, 8.0, 20.75, 16.0, 8.0, 8.0, 15.0], [48, 35, 35, 31, 29, 16, 16, 16, 16, 16, 16, 16, 12, 12, 12, 12, 12, 12, 12, 12, 12, 12, 12, 12, 12, 10, 10, 8, 8, 8, 8, 8, 8, 8, 8, 8, 8, 8, 8, 8, 8, 8, 8, 8, 8, 8, 8, 8, 8, 8], array([[13,  8, 10,  1],
       [ 6,  2, 14, 12],
       [11, 16,  3,  5],
       [ 4,  9,  7, 15]]))
([62.375, 50.625, 48.5, 46.5, 39.25, 35.125, 38.375, 45.625, 36.625, 29.375, 30.375, 32.25, 26.0, 39.875, 29.375, 30.875, 25.25, 23.875, 22.875, 23.25, 32.75, 26.375, 20.0, 26.875, 29.75, 24.375, 26.375, 18.125, 20.5, 23.875, 17.625, 22.0, 16.0, 20.0, 15.25, 15.125, 21.5, 19.375, 15.0, 23.375, 15.0, 15.0, 18.75, 18.75, 15.0, 24.75, 15.0, 15.0, 15.0, 15.0], [46, 34, 34, 34, 34, 34, 33, 30, 26, 26, 26, 26, 26, 26, 26, 26, 23, 21, 21, 17, 17, 17, 17, 17, 17, 17, 17, 17, 15, 17, 15, 15, 15, 15, 15, 15, 15, 15, 15, 15, 15, 15, 15, 15, 15, 15, 15, 15, 15, 15], array([[ 3, 12, 13,  6],
       [15, 14,  5,  1],
       [ 2,  9,  7, 16],
       [11,  4,  8, 10]]))
([55.625, 46.0, 46.375, 41.25, 41.75, 36.75, 36.0, 34.5, 35.375, 33.75, 33.125, 32.25, 32.875, 30.75, 34.875, 37.75, 30.5, 32.5, 30.0, 33.625, 31.25, 33.375, 33.625, 30.0, 29.25, 28.5, 27.75, 26.875, 35.375, 22.875, 31.5, 24.0, 27.375, 20.0, 26.75, 17.5, 21.125, 16.375, 21.125, 20.5, 18.0, 15.625, 25.875, 18.5, 20.125, 22.75, 16.75, 31.625, 15.0, 20.0], [43, 35, 35, 35, 35, 34, 34, 34, 34, 33, 32, 30, 30, 30, 30, 30, 30, 30, 30, 30, 30, 30, 30, 30, 24, 24, 24, 24, 18, 18, 18, 18, 18, 18, 16, 16, 16, 15, 15, 15, 15, 15, 15, 15, 15, 15, 15, 15, 15, 15], array([[11,  2, 13, 12],
       [ 1,  8,  7, 16],
       [14,  6, 10,  3],
       [ 9, 15,  5,  4]]))
--------------------------------------------------------------------
Cuadrado 4x4, Población 8, 30%
([57.75, 53.25, 56.25, 43.0, 41.625, 39.25, 42.25, 47.125, 40.375, 45.375, 34.125, 33.5, 40.125, 30.125, 33.75, 29.875, 32.375, 38.5, 28.5, 27.25, 24.125, 24.625, 28.625, 45.375, 25.5, 24.25, 24.0, 21.75, 28.375, 27.75, 22.375, 29.875, 16.25, 24.0, 22.5, 18.625, 21.75, 19.625, 38.625, 24.125, 27.125, 18.5, 20.125, 22.375, 17.375, 29.5, 26.875, 27.625, 20.375, 18.625], [47, 40, 40, 40, 40, 34, 33, 33, 33, 28, 28, 19, 19, 19, 19, 19, 19, 17, 17, 17, 17, 17, 17, 17, 16, 17, 17, 17, 15, 15, 15, 15, 15, 15, 15, 15, 15, 15, 15, 15, 15, 15, 15, 15, 15, 15, 14, 14, 10, 10], array([[ 8, 12, 13,  2],
       [ 7, 10, 16,  3],
       [11,  5,  1, 14],
       [ 9,  6,  4, 15]]))
([60.625, 55.25, 54.875, 46.75, 53.125, 39.625, 33.0, 34.0, 38.75, 38.875, 33.625, 41.0, 36.125, 29.5, 25.375, 27.875, 24.25, 22.625, 28.875, 34.25, 31.75, 31.75, 21.25, 28.0, 19.875, 34.375, 27.0, 24.75, 28.375, 30.375, 14.875, 25.75, 15.0, 19.125, 16.25, 15.625, 19.0, 25.875, 29.5, 12.75, 12.75, 25.5, 30.625, 21.0, 30.625, 19.25, 21.125, 21.5, 16.375, 27.375], [49, 48, 43, 32, 32, 32, 32, 30, 30, 24, 24, 24, 24, 24, 22, 22, 19, 19, 19, 22, 14, 14, 14, 14, 14, 14, 14, 14, 14, 14, 14, 14, 14, 14, 14, 12, 12, 12, 12, 9, 9, 9, 12, 12, 12, 12, 12, 12, 12, 12], array([[ 4, 13,  2, 14],
       [ 8, 15, 11,  1],
       [16,  3,  5, 10],
       [ 7,  6, 12,  9]]))
([53.0, 45.875, 49.25, 41.625, 41.25, 39.125, 47.375, 44.25, 33.25, 35.375, 29.625, 32.125, 38.875, 40.0, 30.625, 32.125, 32.0, 33.375, 31.375, 24.875, 27.375, 33.5, 32.75, 24.125, 21.0, 18.875, 21.375, 16.0, 26.125, 30.0, 21.0, 18.375, 31.875, 18.375, 17.625, 20.375, 24.0, 17.0, 25.0, 17.75, 16.25, 15.25, 23.5, 34.5, 21.875, 24.375, 19.625, 16.5, 23.5, 25.75], [38, 38, 38, 26, 26, 23, 26, 26, 23, 23, 23, 23, 23, 23, 23, 23, 22, 22, 19, 19, 19, 22, 19, 19, 19, 15, 13, 13, 13, 13, 13, 13, 13, 13, 12, 12, 13, 13, 13, 13, 13, 13, 13, 13, 13, 13, 13, 13, 13, 13], array([[13,  1, 14,  8],
       [ 4,  7, 12, 11],
       [15, 10,  3,  6],
       [ 5, 16,  2,  9]]))
([61.125, 54.5, 53.25, 43.875, 36.0, 33.125, 33.25, 33.75, 43.5, 28.75, 33.625, 31.625, 26.125, 23.875, 34.625, 37.0, 41.375, 25.25, 33.75, 31.625, 35.625, 30.0, 24.875, 26.875, 26.375, 25.875, 22.125, 26.125, 24.0, 38.75, 23.125, 25.625, 21.25, 32.75, 26.0, 19.5, 19.625, 23.25, 20.125, 33.25, 18.25, 37.5, 16.75, 30.375, 22.0, 17.375, 28.0, 18.5, 33.625, 19.375], [50, 50, 33, 32, 25, 25, 23, 23, 23, 23, 23, 23, 23, 23, 23, 23, 23, 23, 23, 15, 15, 21, 21, 21, 21, 21, 21, 21, 21, 21, 21, 21, 21, 15, 15, 15, 15, 15, 15, 15, 15, 15, 15, 15, 15, 15, 15, 15, 15, 15], array([[ 9,  8,  1, 15],
       [13,  4, 11,  6],
       [10,  7, 16,  2],
       [ 3, 14,  5, 12]]))

Cruce Simple
Cuadrado 4x4, Población 8, 1%
([51.5, 36.0, 29.625, 25.75, 25.0, 25.0, 25.0, 25.0, 23.5, 22.375, 17.625, 15.375, 12.0, 12.0, 12.0, 12.0, 12.0, 12.0, 12.0, 12.0, 12.0, 12.0, 12.0, 12.625, 12.0, 16.75, 12.0, 14.875, 12.0, 15.125, 12.0, 12.0, 12.0, 12.0, 12.0, 12.0, 12.0, 12.0, 12.0, 12.0, 12.0, 12.0, 12.125, 12.0, 12.0, 12.0, 12.0, 12.0, 12.0, 12.0], [25, 25, 25, 25, 25, 25, 25, 25, 21, 21, 12, 12, 12, 12, 12, 12, 12, 12, 12, 12, 12, 12, 12, 12, 12, 12, 12, 12, 12, 12, 12, 12, 12, 12, 12, 12, 12, 12, 12, 12, 12, 12, 12, 12, 12, 12, 12, 12, 12, 12], array([[ 2, 11, 16,  4],
       [15,  6,  8,  5],
       [ 3,  7,  9, 13],
       [14, 10,  1, 12]]))
([50.125, 46.375, 40.125, 35.75, 34.5, 31.25, 30.625, 28.75, 28.625, 26.875, 23.875, 22.5, 17.0, 17.0, 17.0, 17.0, 17.0, 17.0, 17.0, 17.0, 17.0, 17.0, 17.0, 17.0, 17.0, 17.0, 17.0, 17.0, 17.0, 22.25, 17.0, 17.0, 25.0, 17.0, 17.0, 17.0, 17.0, 17.0, 17.0, 17.0, 17.0, 17.0, 17.0, 17.0, 17.0, 17.0, 17.0, 17.0, 17.0, 17.0], [42, 42, 29, 29, 29, 29, 28, 28, 28, 17, 17, 17, 17, 17, 17, 17, 17, 17, 17, 17, 17, 17, 17, 17, 17, 17, 17, 17, 17, 17, 17, 17, 17, 17, 17, 17, 17, 17, 17, 17, 17, 17, 17, 17, 17, 17, 17, 17, 17, 17], array([[11, 13,  6,  4],
       [ 3,  1, 15, 16],
       [ 8,  5, 14,  7],
       [ 9, 12,  2, 10]]))
([50.875, 43.875, 38.0, 35.375, 33.875, 33.0, 29.75, 27.375, 27.75, 27.0, 27.25, 27.0, 27.0, 27.0, 29.125, 24.5, 22.0, 22.0, 22.0, 24.375, 21.75, 21.5, 21.0, 20.0, 20.0, 20.0, 20.0, 20.0, 20.0, 20.0, 20.0, 20.0, 20.0, 20.0, 20.0, 20.0, 20.0, 20.0, 20.0, 20.0, 20.0, 20.0, 20.0, 20.0, 20.0, 20.0, 20.0, 20.0, 20.0, 25.0], [45, 35, 27, 27, 27, 27, 27, 27, 27, 27, 27, 27, 27, 27, 27, 22, 22, 22, 22, 22, 20, 20, 20, 20, 20, 20, 20, 20, 20, 20, 20, 20, 20, 20, 20, 20, 20, 20, 20, 20, 20, 20, 20, 20, 20, 20, 20, 20, 20, 20], array([[16,  3,  6, 13],
       [ 7,  4, 12, 14],
       [11, 10,  9,  2],
       [ 1, 15,  8,  5]]))
([51.25, 44.375, 42.375, 35.125, 31.75, 27.5, 26.0, 26.0, 26.0, 26.0, 26.0, 26.0, 26.0, 26.0, 26.0, 26.0, 26.0, 26.0, 26.0, 26.0, 26.0, 26.0, 26.0, 26.0, 26.0, 26.0, 26.0, 26.0, 26.0, 26.0, 26.0, 26.0, 33.625, 27.375, 26.0, 26.0, 26.0, 26.0, 26.0, 26.0, 26.0, 26.0, 26.0, 32.75, 26.0, 26.0, 27.0, 26.0, 26.0, 26.0], [41, 37, 36, 26, 26, 26, 26, 26, 26, 26, 26, 26, 26, 26, 26, 26, 26, 26, 26, 26, 26, 26, 26, 26, 26, 26, 26, 26, 26, 26, 26, 26, 26, 26, 26, 26, 26, 26, 26, 26, 26, 26, 26, 26, 26, 26, 26, 26, 26, 26], array([[ 7,  3, 11, 13],
       [ 6,  8,  2, 12],
       [ 4, 10, 15,  9],
       [16, 14,  5,  1]]))
--------------------------------------------------------------------
Cuadrado 4x4, Población 8, 10%
([49.125, 44.75, 36.625, 32.0, 30.625, 29.125, 26.0, 22.375, 21.125, 26.625, 31.0, 21.125, 21.625, 20.25, 18.0, 18.0, 18.25, 24.0, 19.5, 18.0, 18.0, 25.875, 18.0, 20.0, 22.125, 17.875, 22.5, 17.75, 21.0, 17.5, 17.125, 16.875, 16.75, 25.5, 17.25, 17.625, 16.75, 16.0, 16.0, 19.75, 28.625, 14.5, 19.0, 19.0, 14.25, 23.0, 19.625, 32.125, 13.625, 20.125], [34, 34, 32, 29, 27, 23, 20, 20, 20, 20, 18, 18, 18, 18, 18, 18, 18, 18, 18, 18, 18, 18, 18, 18, 18, 17, 17, 17, 17, 17, 17, 16, 16, 16, 16, 16, 16, 16, 16, 14, 14, 14, 14, 14, 14, 13, 13, 13, 13, 13], array([[14,  3,  6, 11],
       [ 9,  8,  2, 16],
       [ 4, 13, 15,  1],
       [ 7, 10, 12,  5]]))
([50.375, 40.25, 35.875, 39.25, 32.5, 33.5, 35.375, 30.0, 30.0, 30.75, 36.0, 30.5, 30.5, 36.375, 30.0, 43.25, 37.75, 28.25, 28.875, 27.5, 26.5, 29.375, 26.25, 31.25, 28.5, 26.0, 28.0, 26.75, 24.875, 25.625, 22.25, 21.875, 27.25, 21.0, 21.75, 26.5, 26.875, 19.75, 19.5, 19.25, 19.25, 18.75, 18.625, 18.0, 19.5, 24.25, 19.75, 18.0, 18.0, 18.0], [34, 34, 34, 30, 30, 30, 30, 30, 30, 30, 30, 30, 30, 30, 30, 26, 26, 26, 26, 26, 26, 25, 25, 23, 23, 23, 23, 23, 23, 23, 20, 20, 20, 20, 20, 20, 20, 18, 18, 18, 18, 18, 18, 18, 18, 18, 18, 18, 18, 18], array([[10,  3, 13,  8],
       [ 6,  9,  4, 14],
       [11, 15,  5,  1],
       [ 7,  2, 16, 12]]))
([48.375, 39.5, 33.125, 32.375, 35.25, 26.875, 29.75, 23.875, 23.125, 28.0, 21.875, 30.125, 21.75, 24.375, 20.0, 20.0, 20.0, 27.5, 20.0, 28.25, 21.625, 20.0, 20.0, 31.5, 24.375, 27.125, 27.375, 20.0, 20.25, 22.5, 23.625, 20.0, 25.75, 27.0, 25.875, 25.25, 26.5, 22.5, 20.0, 23.875, 20.0, 20.0, 20.0, 20.0, 23.25, 20.0, 20.0, 24.375, 20.0, 20.0], [25, 25, 25, 25, 23, 23, 23, 20, 20, 20, 20, 20, 20, 20, 20, 20, 20, 20, 20, 20, 20, 20, 20, 20, 20, 20, 20, 20, 20, 20, 20, 20, 20, 20, 20, 20, 20, 20, 20, 20, 20, 20, 20, 20, 20, 20, 20, 20, 20, 20], array([[10,  7, 14,  3],
       [ 1,  6, 13, 12],
       [11, 16,  2,  4],
       [ 9,  8,  5, 15]]))
([39.25, 35.625, 30.5, 27.25, 25.875, 29.125, 24.375, 22.125, 18.5, 18.0, 18.0, 23.5, 22.625, 19.25, 18.0, 18.0, 18.0, 25.0, 17.875, 23.125, 17.625, 19.25, 19.375, 17.375, 17.25, 17.0, 21.375, 15.25, 15.0, 15.0, 15.25, 19.875, 17.5, 16.875, 21.25, 15.0, 21.875, 15.0, 15.125, 15.0, 15.0, 15.0, 15.0, 25.5, 19.5, 15.0, 15.0, 20.375, 23.75, 17.75], [27, 27, 25, 22, 18, 18, 18, 18, 18, 18, 18, 18, 18, 18, 18, 18, 18, 18, 17, 17, 17, 17, 17, 17, 17, 17, 15, 15, 15, 15, 15, 15, 15, 15, 15, 15, 15, 15, 15, 15, 15, 15, 15, 15, 15, 15, 15, 15, 15, 15], array([[ 7,  1,  9, 13],
       [11, 12,  6,  8],
       [14, 15,  4,  3],
       [ 2,  5, 16, 10]]))
--------------------------------------------------------------------
Cuadrado 4x4, Población 8, 30%
([45.5, 35.5, 28.75, 35.125, 32.375, 35.75, 30.5, 34.5, 22.25, 33.625, 21.125, 26.0, 35.125, 38.125, 35.875, 21.0, 28.0, 29.875, 21.25, 33.125, 24.0, 29.5, 30.875, 29.125, 25.5, 30.125, 21.0, 38.875, 25.625, 19.625, 19.625, 31.875, 20.875, 24.125, 20.375, 20.375, 15.375, 21.875, 19.625, 26.625, 25.625, 14.0, 29.875, 16.5, 13.0, 26.625, 24.125, 18.75, 25.0, 25.125], [27, 27, 24, 24, 24, 24, 21, 21, 21, 21, 21, 21, 21, 21, 21, 21, 21, 21, 21, 21, 21, 21, 21, 21, 21, 21, 21, 21, 21, 15, 15, 15, 15, 15, 15, 15, 15, 15, 13, 13, 13, 13, 13, 13, 13, 13, 13, 11, 11, 11], array([[10,  4, 12,  9],
       [ 7, 13, 14,  1],
       [11,  2,  5, 15],
       [ 8, 16,  3,  6]]))
([56.625, 49.5, 39.375, 36.25, 40.625, 36.0, 30.5, 46.375, 29.875, 29.0, 32.5, 36.375, 30.875, 32.625, 25.875, 37.625, 21.625, 26.5, 27.25, 22.375, 27.375, 38.125, 20.75, 21.75, 24.625, 23.625, 28.875, 17.0, 29.75, 27.25, 19.625, 27.5, 23.375, 17.875, 22.5, 27.25, 22.5, 15.875, 24.25, 19.625, 19.125, 23.125, 25.375, 19.25, 25.625, 16.5, 32.375, 15.125, 17.0, 15.0], [30, 30, 25, 25, 25, 25, 25, 25, 25, 25, 25, 25, 22, 22, 22, 22, 19, 19, 19, 16, 19, 16, 16, 16, 16, 16, 16, 16, 16, 16, 16, 16, 16, 16, 16, 16, 16, 15, 15, 15, 15, 15, 15, 15, 15, 15, 15, 15, 15, 15], array([[ 3, 15,  7,  6],
       [11,  8,  2, 14],
       [ 5, 10, 12,  9],
       [16,  1, 13,  4]]))
([52.125, 44.75, 42.0, 37.75, 37.875, 33.25, 32.125, 38.625, 32.25, 30.125, 30.25, 27.75, 24.5, 23.5, 16.5, 30.75, 20.5, 22.875, 20.625, 24.375, 14.125, 23.625, 15.5, 22.5, 20.125, 17.0, 15.75, 22.25, 21.25, 22.5, 12.625, 21.875, 19.25, 19.375, 17.875, 13.25, 18.375, 16.875, 21.375, 14.625, 15.0, 18.75, 28.25, 18.5, 11.125, 12.5, 18.25, 21.5, 12.0, 11.75], [45, 30, 30, 30, 30, 30, 28, 28, 23, 23, 21, 21, 19, 13, 13, 13, 13, 13, 13, 13, 13, 13, 13, 13, 13, 13, 12, 12, 12, 12, 12, 12, 12, 12, 12, 12, 12, 11, 11, 11, 10, 11, 11, 11, 11, 11, 11, 11, 11, 11], array([[ 9,  7, 14,  3],
       [12,  6, 15,  2],
       [ 4,  8,  5, 16],
       [10, 11,  1, 13]]))
([54.875, 44.25, 42.75, 45.625, 34.625, 32.125, 34.75, 32.875, 34.5, 39.375, 27.25, 28.25, 34.875, 31.5, 38.625, 28.75, 40.875, 25.625, 26.5, 43.0, 29.5, 33.75, 25.125, 35.625, 23.375, 27.375, 24.625, 23.625, 29.125, 26.875, 20.5, 31.5, 35.25, 24.875, 19.0, 23.375, 27.75, 44.625, 31.0, 23.125, 20.125, 19.0, 21.875, 24.5, 18.5, 17.75, 20.125, 25.875, 28.875, 19.25], [30, 35, 30, 30, 30, 30, 30, 26, 26, 26, 26, 26, 26, 26, 26, 26, 26, 22, 22, 25, 19, 19, 19, 22, 22, 22, 22, 22, 22, 19, 19, 19, 19, 16, 16, 16, 16, 16, 16, 16, 16, 16, 16, 16, 13, 13, 13, 13, 13, 13], array([[16,  8,  4,  9],
       [ 2,  6, 11, 15],
       [13, 10,  5,  3],
       [ 1, 12, 14,  7]]))

Representativo general:
Cuadrado 4x4, Población 2, 30%
([59.5, 48.5, 47.0, 42.0, 40.0, 55.0, 40.0, 40.0, 40.0, 60.5, 40.0, 43.5, 37.5, 37.5, 36.0, 34.5, 56.0, 35.0, 34.5, 34.0, 32.0, 32.0, 39.0, 31.0, 33.5, 30.0, 34.0, 30.0, 30.0, 56.0, 30.0, 30.0, 30.0, 32.0, 33.0, 30.0, 48.5, 30.0, 30.0, 40.5, 30.0, 29.5, 51.0, 38.5, 29.5, 29.0, 33.5, 31.0, 47.5, 29.5], [45, 44, 44, 40, 40, 40, 40, 40, 40, 40, 40, 38, 37, 37, 35, 32, 32, 33, 32, 32, 32, 32, 30, 30, 30, 30, 30, 30, 30, 46, 30, 30, 30, 30, 30, 30, 30, 30, 30, 30, 30, 29, 29, 29, 29, 29, 29, 29, 29, 29], array([[ 3, 16,  6,  9],
       [ 4, 12,  7,  5],
       [11,  2, 13,  8],
       [15,  1, 14, 10]]))
([48.0, 46.5, 48.0, 46.0, 38.5, 38.5, 53.0, 35.0, 59.0, 37.0, 38.0, 35.0, 35.0, 48.0, 35.0, 57.0, 35.0, 43.0, 33.5, 52.5, 33.5, 44.5, 31.0, 31.0, 31.0, 31.0, 30.0, 40.5, 30.0, 35.0, 30.0, 25.5, 21.0, 42.5, 21.0, 40.0, 46.5, 40.0, 46.0, 21.0, 46.5, 21.0, 25.0, 21.0, 26.5, 21.0, 39.0, 28.5, 36.5, 21.0], [43, 35, 35, 35, 35, 35, 35, 35, 35, 35, 35, 35, 35, 35, 35, 35, 35, 35, 32, 47, 32, 32, 30, 30, 30, 30, 30, 30, 30, 30, 30, 21, 21, 21, 21, 21, 42, 37, 21, 21, 21, 21, 21, 21, 21, 21, 23, 21, 21, 21], array([[12,  5, 10,  8],
       [ 3, 11, 16,  1],
       [15,  7,  2, 13],
       [ 6, 14,  4,  9]]))
([63.5, 55.5, 44.5, 41.0, 46.0, 35.0, 32.0, 26.0, 31.5, 26.0, 26.0, 23.0, 36.0, 37.0, 23.0, 29.5, 26.5, 32.5, 27.5, 31.0, 23.0, 23.0, 23.0, 23.0, 23.0, 23.0, 37.0, 23.0, 23.0, 35.5, 23.0, 26.5, 23.0, 35.0, 23.0, 23.0, 37.5, 39.0, 23.0, 22.0, 32.0, 23.0, 19.5, 19.5, 25.5, 38.0, 27.5, 39.0, 25.5, 19.5], [59, 52, 42, 35, 35, 35, 29, 23, 23, 23, 23, 23, 23, 34, 23, 27, 23, 23, 23, 23, 23, 23, 23, 23, 23, 23, 23, 23, 23, 23, 23, 23, 23, 23, 23, 23, 23, 23, 23, 21, 15, 15, 16, 16, 23, 23, 20, 31, 20, 16], array([[ 9,  6,  3, 12],
       [ 1, 15,  7, 13],
       [16,  4, 10,  5],
       [11,  8, 14,  2]]))
([55.0, 35.5, 26.0, 34.0, 59.0, 39.5, 55.0, 26.0, 55.0, 28.5, 26.0, 32.5, 26.0, 57.0, 26.0, 26.0, 26.0, 32.5, 42.0, 26.0, 26.0, 26.5, 26.0, 30.5, 28.5, 23.5, 38.5, 23.5, 21.0, 21.0, 23.5, 21.0, 42.5, 21.0, 29.0, 21.0, 22.0, 37.0, 21.0, 31.0, 24.5, 21.0, 21.0, 21.0, 44.5, 29.0, 33.5, 21.0, 21.0, 21.0], [38, 26, 26, 26, 45, 26, 26, 26, 26, 26, 26, 26, 26, 40, 26, 26, 26, 26, 26, 26, 26, 26, 26, 25, 21, 21, 21, 21, 21, 21, 21, 21, 21, 21, 21, 21, 21, 23, 21, 21, 21, 21, 21, 21, 21, 21, 21, 21, 21, 21], array([[ 9,  8,  3, 15],
       [ 7, 11,  1, 12],
       [13, 10, 14,  2],
       [ 6,  4, 16,  5]]))
--------------------------------------------------------------------
Cuadrado 4x4, Población 4, 30%
([58.75, 60.75, 54.75, 54.75, 52.5, 42.0, 40.75, 43.0, 38.5, 38.0, 45.5, 37.0, 38.75, 35.25, 43.5, 45.0, 33.75, 39.5, 32.25, 34.25, 30.0, 35.0, 40.0, 29.5, 41.5, 29.25, 29.0, 29.5, 29.5, 33.5, 40.0, 30.0, 34.25, 37.25, 25.75, 33.25, 23.75, 29.0, 48.0, 27.75, 22.0, 22.0, 22.75, 21.0, 30.5, 25.25, 22.75, 22.0, 39.5, 29.5], [56, 42, 42, 44, 42, 40, 36, 36, 36, 36, 36, 36, 33, 33, 33, 36, 33, 31, 30, 30, 29, 29, 30, 29, 29, 29, 29, 29, 29, 29, 29, 29, 24, 24, 22, 22, 22, 22, 44, 22, 22, 22, 22, 18, 14, 14, 14, 14, 22, 18], array([[ 4,  7, 15,  6],
       [13, 11,  2,  9],
       [ 3, 16,  5, 10],
       [12,  1, 14,  8]]))
([58.0, 59.75, 51.5, 48.0, 49.0, 46.75, 46.75, 44.75, 57.75, 39.75, 41.75, 48.25, 35.75, 39.75, 39.5, 35.0, 35.5, 42.25, 43.5, 34.25, 31.75, 43.25, 32.0, 30.75, 30.25, 58.0, 29.5, 39.25, 32.0, 37.5, 32.5, 25.5, 33.25, 37.5, 31.0, 52.75, 33.0, 45.5, 40.25, 20.0, 20.0, 17.5, 32.0, 36.0, 24.0, 34.75, 19.25, 17.5, 20.5, 21.0], [52, 50, 50, 42, 42, 40, 42, 36, 36, 36, 36, 36, 33, 33, 33, 33, 33, 33, 33, 33, 30, 30, 30, 30, 28, 28, 28, 28, 28, 28, 28, 19, 19, 19, 19, 17, 17, 17, 17, 17, 17, 17, 17, 19, 17, 17, 17, 17, 17, 17], array([[ 1, 13, 15,  5],
       [12, 11,  4,  6],
       [ 2,  9,  7, 14],
       [16,  3,  8, 10]]))
([53.25, 49.0, 41.75, 43.5, 38.25, 40.5, 36.5, 33.75, 27.5, 33.5, 24.0, 22.5, 31.25, 32.0, 26.75, 27.75, 24.0, 26.25, 39.25, 20.0, 23.5, 23.25, 23.0, 21.0, 25.25, 28.25, 18.0, 30.0, 18.5, 17.5, 17.0, 23.25, 25.75, 27.0, 17.0, 21.0, 25.75, 37.25, 31.5, 34.5, 27.75, 26.25, 23.25, 40.5, 23.0, 17.0, 25.75, 17.0, 17.0, 17.5], [47, 33, 33, 32, 26, 26, 26, 26, 22, 22, 20, 20, 20, 20, 20, 20, 20, 20, 20, 20, 20, 20, 17, 17, 17, 17, 17, 17, 17, 17, 17, 17, 17, 17, 17, 17, 17, 21, 17, 17, 17, 17, 17, 17, 17, 17, 17, 17, 17, 17], array([[14,  5, 11,  1],
       [ 9,  4, 15,  7],
       [ 6, 16,  2, 13],
       [ 3, 10,  8, 12]]))
([62.5, 53.75, 52.5, 51.5, 48.0, 55.0, 48.5, 45.75, 48.5, 49.25, 47.5, 42.0, 41.5, 37.75, 44.5, 40.75, 44.0, 33.25, 60.25, 39.75, 36.75, 31.5, 31.0, 33.25, 29.25, 31.0, 35.5, 47.5, 38.5, 45.5, 23.0, 24.75, 33.25, 45.75, 23.0, 44.75, 33.0, 25.75, 33.25, 25.25, 22.5, 24.75, 42.25, 22.5, 27.25, 39.75, 17.0, 21.75, 33.75, 36.75], [56, 48, 48, 48, 48, 46, 44, 43, 42, 42, 42, 31, 40, 31, 31, 31, 31, 31, 31, 31, 31, 31, 31, 28, 24, 24, 23, 23, 23, 23, 23, 23, 23, 23, 23, 23, 23, 23, 23, 23, 21, 23, 23, 19, 19, 15, 15, 15, 15, 15], array([[ 9,  8,  7, 10],
       [16,  4, 11,  2],
       [12, 14,  3,  5],
       [ 1,  6, 13, 15]]))
--------------------------------------------------------------------
Cuadrado 4x4, Población 16, 30%
([52.8125, 51.1875, 48.9375, 41.5, 39.3125, 37.6875, 44.5625, 36.1875, 36.1875, 34.25, 32.1875, 34.375, 33.5, 27.875, 28.3125, 21.75, 24.3125, 21.3125, 26.75, 21.5, 17.0, 16.375, 17.125, 15.1875, 14.5625, 17.25, 26.75, 11.8125, 14.5625, 15.5625, 22.4375, 13.75, 28.1875, 15.1875, 12.25, 21.3125, 22.6875, 16.5, 13.625, 11.8125, 22.125, 16.4375, 19.0, 14.0, 11.8125, 15.25, 10.625, 15.375, 12.9375, 10.1875], [34, 34, 30, 30, 30, 23, 30, 29, 29, 27, 16, 16, 16, 12, 12, 12, 12, 12, 12, 12, 12, 11, 11, 11, 11, 11, 11, 11, 11, 11, 11, 10, 10, 10, 10, 10, 10, 10, 10, 10, 8, 8, 8, 7, 7, 7, 7, 7, 7, 7], array([[13,  4,  6, 11],
       [ 3, 15,  2, 14],
       [ 7,  9, 10,  8],
       [12,  5, 16,  1]]))
([53.875, 54.75, 50.125, 47.625, 40.8125, 37.25, 41.0, 44.25, 34.75, 33.8125, 32.75, 32.5, 25.8125, 29.875, 35.25, 28.5625, 28.1875, 34.9375, 35.25, 23.0625, 32.4375, 24.75, 28.3125, 26.5625, 24.25, 23.6875, 22.875, 22.6875, 19.25, 14.5625, 15.3125, 22.1875, 16.1875, 15.8125, 13.5625, 20.6875, 15.125, 22.125, 19.625, 23.375, 15.375, 19.1875, 10.5, 19.625, 17.75, 22.4375, 12.8125, 14.875, 14.875, 8.8125], [38, 38, 38, 26, 26, 17, 20, 17, 17, 17, 17, 23, 17, 17, 17, 17, 17, 17, 17, 17, 17, 17, 17, 11, 11, 11, 11, 10, 10, 10, 10, 10, 10, 10, 7, 7, 7, 7, 7, 7, 7, 5, 5, 5, 5, 5, 5, 5, 5, 5], array([[15,  1, 13,  6],
       [ 3, 14,  7,  9],
       [ 5, 11,  2, 16],
       [10,  8, 12,  4]]))
([54.5625, 47.25, 49.8125, 42.125, 40.8125, 41.875, 37.5625, 39.625, 39.6875, 38.5, 42.625, 39.25, 33.5, 33.5, 33.0, 31.0625, 35.4375, 28.875, 28.4375, 27.625, 31.5625, 34.4375, 26.375, 30.125, 25.8125, 20.9375, 25.625, 26.3125, 21.6875, 29.4375, 27.625, 28.125, 22.25, 21.9375, 28.9375, 25.8125, 19.8125, 27.125, 18.8125, 22.8125, 26.25, 23.125, 18.8125, 25.25, 24.4375, 24.5625, 18.5, 26.9375, 23.875, 14.625], [34, 34, 32, 34, 30, 30, 30, 30, 26, 26, 26, 24, 24, 23, 23, 23, 23, 19, 19, 19, 19, 19, 19, 19, 17, 17, 17, 17, 17, 17, 15, 15, 15, 15, 15, 15, 15, 15, 15, 15, 15, 15, 15, 15, 15, 11, 11, 11, 11, 11], array([[ 3, 12,  6, 13],
       [10, 16,  7,  1],
       [15,  4,  5, 11],
       [ 9,  2, 14,  8]]))
([59.5, 50.625, 46.0625, 43.6875, 39.875, 37.4375, 31.3125, 34.5, 28.125, 34.375, 28.0625, 31.1875, 23.5625, 28.4375, 30.25, 27.6875, 27.625, 28.625, 23.4375, 24.3125, 18.9375, 25.75, 19.25, 23.9375, 24.1875, 22.3125, 24.1875, 23.1875, 17.1875, 19.4375, 27.0, 13.625, 17.375, 25.0, 15.8125, 19.1875, 19.9375, 22.375, 17.875, 21.1875, 24.75, 15.8125, 23.3125, 15.8125, 16.0, 23.0, 21.375, 23.3125, 22.0, 19.25], [41, 35, 35, 24, 24, 20, 20, 21, 21, 19, 19, 19, 19, 19, 19, 19, 19, 17, 14, 12, 12, 12, 12, 12, 12, 12, 12, 12, 12, 12, 12, 12, 12, 12, 12, 12, 12, 12, 12, 12, 12, 12, 12, 12, 12, 12, 12, 11, 11, 12], array([[ 9,  8, 12,  4],
       [ 7, 15,  1, 11],
       [ 3, 10,  6, 14],
       [16,  2, 13,  5]]))
--------------------------------------------------------------------
Cuadrado 4x4, Población 32, 30%
([59.1875, 49.09375, 42.0, 43.75, 41.9375, 41.40625, 38.125, 37.09375, 36.40625, 36.3125, 36.28125, 33.96875, 32.25, 33.4375, 32.625, 29.0, 25.28125, 29.84375, 27.34375, 26.5625, 24.375, 21.34375, 25.03125, 22.125, 19.8125, 21.59375, 21.3125, 23.75, 19.28125, 13.625, 18.59375, 20.34375, 15.78125, 28.5, 18.8125, 12.0625, 16.125, 20.40625, 15.59375, 18.875, 13.4375, 22.40625, 16.78125, 19.875, 17.875, 12.90625, 15.875, 15.15625, 16.40625, 18.0], [33, 31, 25, 32, 25, 23, 23, 23, 23, 23, 23, 23, 11, 11, 11, 11, 11, 11, 11, 11, 11, 11, 11, 11, 11, 11, 10, 10, 10, 10, 10, 10, 10, 10, 10, 10, 10, 10, 10, 8, 8, 8, 8, 8, 8, 8, 8, 8, 8, 7], array([[ 3, 11,  4, 15],
       [13, 14,  1,  6],
       [ 9,  7, 12,  8],
       [10,  2, 16,  5]]))
([60.0, 51.75, 42.71875, 43.21875, 36.46875, 37.03125, 35.9375, 34.03125, 35.875, 39.8125, 33.28125, 30.90625, 29.96875, 28.40625, 26.78125, 32.96875, 31.15625, 23.09375, 19.21875, 24.6875, 24.90625, 20.28125, 23.78125, 17.21875, 20.96875, 21.6875, 18.21875, 19.9375, 18.03125, 15.6875, 12.84375, 15.09375, 20.34375, 15.875, 18.125, 14.6875, 13.65625, 17.40625, 17.875, 12.71875, 17.84375, 21.34375, 13.28125, 18.46875, 15.96875, 17.15625, 21.09375, 18.4375, 13.5, 16.53125], [21, 25, 25, 25, 25, 25, 21, 24, 23, 21, 18, 18, 18, 18, 14, 14, 14, 10, 10, 10, 8, 8, 8, 8, 8, 5, 5, 8, 8, 8, 8, 8, 8, 8, 8, 8, 7, 8, 8, 8, 7, 7, 7, 7, 7, 7, 7, 7, 7, 7], array([[ 4,  9, 14,  7],
       [15,  5,  3, 10],
       [ 1, 12, 16,  6],
       [13,  8,  2, 11]]))
([57.09375, 50.53125, 44.1875, 40.28125, 41.1875, 39.625, 39.0, 34.875, 31.625, 31.875, 32.15625, 33.21875, 25.65625, 31.21875, 27.84375, 27.09375, 25.0625, 23.46875, 22.78125, 23.625, 26.78125, 19.21875, 24.5, 18.4375, 22.5, 17.65625, 22.625, 15.96875, 22.0, 20.25, 19.84375, 17.5625, 15.59375, 25.6875, 19.34375, 20.09375, 19.8125, 19.90625, 21.9375, 21.9375, 14.84375, 14.65625, 20.28125, 18.28125, 14.75, 20.625, 19.09375, 19.375, 12.65625, 13.34375], [31, 31, 28, 25, 25, 22, 22, 22, 22, 19, 19, 19, 18, 13, 13, 13, 13, 13, 11, 11, 11, 11, 11, 11, 11, 8, 8, 10, 10, 10, 10, 10, 10, 9, 9, 9, 9, 9, 9, 9, 9, 9, 9, 9, 9, 9, 6, 9, 9, 9], array([[ 7, 12, 13,  3],
       [ 8,  4,  6, 16],
       [10, 14,  9,  1],
       [11,  2,  5, 15]]))
([54.34375, 47.125, 47.46875, 43.0625, 43.09375, 41.375, 40.5, 40.34375, 39.40625, 38.0, 33.0, 34.9375, 32.34375, 27.5625, 25.125, 26.8125, 28.0, 27.59375, 31.625, 25.5625, 26.84375, 29.4375, 29.09375, 27.09375, 26.1875, 23.5625, 25.28125, 22.59375, 26.8125, 22.59375, 21.96875, 22.09375, 27.03125, 23.75, 18.84375, 25.71875, 17.25, 22.09375, 19.6875, 16.25, 21.0, 23.90625, 21.46875, 22.3125, 20.03125, 20.25, 24.0625, 17.71875, 23.25, 17.90625], [30, 30, 31, 31, 29, 29, 29, 27, 27, 27, 22, 20, 20, 20, 20, 17, 17, 17, 17, 17, 17, 13, 13, 13, 13, 13, 13, 12, 12, 12, 12, 12, 12, 12, 12, 12, 12, 12, 12, 12, 12, 10, 8, 10, 10, 8, 8, 8, 8, 8], array([[15,  9,  8,  2],
       [ 1,  3, 16, 13],
       [14, 10,  4,  6],
       [ 5, 12,  7, 11]]))
--------------------------------------------------------------------
Cuadrado 4x4, Población 64, 30%
([56.359375, 49.671875, 46.203125, 44.296875, 41.140625, 38.9375, 37.171875, 34.53125, 32.0625, 32.71875, 33.234375, 33.859375, 32.0, 31.65625, 29.046875, 27.140625, 25.984375, 24.59375, 23.40625, 26.25, 23.3125, 20.859375, 21.359375, 26.328125, 19.71875, 20.953125, 18.15625, 18.859375, 22.171875, 16.9375, 16.6875, 16.96875, 19.109375, 16.75, 20.515625, 17.828125, 15.78125, 16.640625, 18.75, 19.421875, 20.609375, 19.28125, 16.46875, 18.125, 14.296875, 15.71875, 19.515625, 15.140625, 17.90625, 14.5, 19.125, 19.140625, 13.921875, 18.171875, 11.890625, 15.125, 14.203125, 13.84375, 14.5625, 13.15625, 17.265625, 16.375, 13.65625, 13.328125, 18.359375, 17.96875, 14.640625, 14.921875, 15.578125, 12.90625, 17.3125, 16.015625, 16.640625, 15.765625, 15.40625, 16.109375, 14.484375, 12.6875, 13.078125, 14.265625, 18.21875, 14.734375, 20.390625, 14.40625, 13.4375, 15.59375, 15.671875, 10.78125, 14.5625, 16.375, 14.234375, 19.46875, 13.546875, 13.078125, 16.71875, 12.125, 13.625, 13.046875, 15.0, 18.5625], [31, 31, 31, 28, 28, 22, 14, 14, 14, 14, 14, 14, 14, 14, 14, 14, 14, 11, 11, 11, 11, 11, 11, 11, 11, 11, 11, 11, 10, 10, 10, 7, 10, 7, 9, 7, 7, 7, 7, 7, 7, 7, 7, 7, 7, 7, 7, 7, 7, 7, 7, 7, 7, 7, 7, 7, 7, 7, 7, 7, 7, 7, 7, 7, 7, 7, 7, 7, 7, 7, 7, 7, 7, 7, 7, 7, 7, 7, 7, 7, 7, 7, 7, 7, 7, 7, 7, 7, 7, 7, 7, 7, 7, 7, 7, 7, 7, 7, 7, 6], array([[14,  2, 11,  8],
       [ 9,  4, 15,  6],
       [10, 12,  5,  7],
       [ 1, 16,  3, 13]]))
([59.5, 53.015625, 46.640625, 43.9375, 43.46875, 39.71875, 37.59375, 37.5625, 34.671875, 33.046875, 37.078125, 33.890625, 31.828125, 33.609375, 35.78125, 32.265625, 30.359375, 28.65625, 27.578125, 27.578125, 27.421875, 24.65625, 26.765625, 25.625, 26.828125, 22.828125, 24.46875, 24.90625, 20.796875, 20.84375, 27.046875, 22.84375, 21.25, 23.03125, 22.6875, 22.265625, 18.078125, 20.875, 19.5, 20.46875, 22.3125, 18.75, 17.25, 19.609375, 20.375, 19.59375, 14.03125, 18.734375, 19.359375, 17.390625, 16.546875, 17.328125, 16.390625, 23.1875, 20.578125, 19.078125, 18.6875, 19.53125, 17.390625, 15.546875, 18.421875, 17.03125, 18.390625, 19.59375, 18.46875, 17.671875, 17.203125, 17.1875, 21.21875, 15.15625, 16.390625, 16.90625, 15.71875, 13.828125, 18.453125, 15.078125, 14.78125, 18.578125, 16.609375, 18.4375, 17.78125, 15.15625, 13.1875, 12.28125, 10.5625, 16.796875, 13.53125, 14.75, 18.03125, 12.625, 16.734375, 9.171875, 12.625, 17.96875, 14.375, 10.421875, 15.0625, 15.390625, 14.0, 14.15625], [39, 32, 32, 28, 26, 26, 26, 26, 25, 25, 26, 19, 19, 15, 19, 15, 19, 15, 15, 15, 15, 15, 15, 14, 14, 14, 14, 14, 14, 14, 14, 10, 10, 10, 10, 10, 10, 10, 10, 10, 10, 10, 9, 9, 9, 9, 9, 9, 9, 9, 9, 9, 9, 9, 9, 9, 9, 9, 9, 6, 6, 6, 6, 6, 6, 6, 6, 6, 6, 6, 6, 6, 6, 6, 6, 6, 6, 6, 6, 6, 6, 6, 6, 6, 6, 6, 6, 6, 6, 6, 6, 6, 6, 6, 6, 6, 6, 6, 6, 6], array([[12,  4,  8, 10],
       [ 3, 13, 14,  6],
       [11,  1,  7, 15],
       [ 9, 16,  5,  2]]))
([57.03125, 50.65625, 47.84375, 43.640625, 39.0, 36.703125, 36.515625, 35.453125, 33.15625, 30.984375, 33.609375, 29.734375, 32.109375, 33.15625, 28.9375, 29.65625, 28.109375, 26.53125, 26.875, 26.671875, 24.609375, 25.203125, 25.28125, 24.796875, 21.8125, 20.453125, 20.328125, 22.984375, 19.6875, 17.78125, 17.578125, 19.09375, 20.125, 16.953125, 18.984375, 16.46875, 17.6875, 19.125, 18.703125, 20.59375, 17.234375, 19.375, 18.1875, 16.84375, 18.703125, 17.21875, 15.9375, 18.890625, 16.171875, 14.125, 22.46875, 18.359375, 15.65625, 16.21875, 13.671875, 14.4375, 14.421875, 16.3125, 12.75, 15.703125, 15.015625, 12.75, 14.40625, 13.140625, 21.015625, 15.734375, 15.578125, 15.078125, 14.953125, 14.78125, 19.0625, 16.1875, 13.421875, 17.03125, 14.109375, 18.28125, 14.453125, 14.046875, 17.078125, 17.140625, 14.40625, 15.296875, 14.1875, 19.375, 17.875, 17.90625, 16.203125, 15.953125, 18.0625, 15.375, 19.3125, 11.984375, 16.125, 16.0625, 17.890625, 19.390625, 16.640625, 15.078125, 19.828125, 18.0625], [33, 33, 24, 22, 22, 22, 22, 22, 22, 22, 21, 20, 20, 14, 15, 15, 14, 14, 14, 11, 11, 11, 11, 11, 11, 11, 11, 11, 11, 11, 9, 9, 9, 9, 9, 9, 9, 9, 9, 9, 9, 7, 7, 7, 7, 7, 7, 7, 7, 7, 7, 7, 6, 6, 6, 6, 6, 6, 6, 6, 6, 6, 6, 6, 6, 6, 6, 6, 6, 6, 6, 6, 6, 6, 6, 6, 6, 6, 6, 6, 6, 6, 6, 6, 6, 6, 6, 6, 6, 6, 6, 6, 6, 6, 6, 6, 6, 6, 6, 6], array([[ 1, 15, 14,  5],
       [12,  6,  7, 10],
       [ 8,  9, 11,  3],
       [13,  4,  2, 16]]))
([58.6875, 51.328125, 47.78125, 45.15625, 43.171875, 39.859375, 36.609375, 36.921875, 35.953125, 34.15625, 31.9375, 31.828125, 28.96875, 25.890625, 30.390625, 27.265625, 30.0, 25.953125, 22.6875, 25.21875, 21.921875, 24.078125, 22.359375, 19.109375, 22.140625, 21.34375, 22.40625, 19.6875, 22.765625, 19.375, 18.0625, 17.21875, 24.640625, 19.875, 16.375, 19.015625, 18.28125, 22.3125, 22.328125, 21.03125, 19.703125, 20.0, 19.28125, 19.65625, 17.3125, 15.21875, 18.640625, 17.640625, 15.8125, 13.03125, 19.71875, 14.84375, 15.6875, 16.015625, 16.625, 17.171875, 15.84375, 16.109375, 16.859375, 12.375, 13.328125, 18.375, 14.515625, 15.453125, 16.34375, 13.0, 19.65625, 15.1875, 16.21875, 15.03125, 18.359375, 17.203125, 16.953125, 19.53125, 14.953125, 13.015625, 13.71875, 17.0, 16.328125, 17.515625, 13.75, 13.375, 14.75, 12.640625, 18.234375, 14.734375, 14.71875, 18.75, 13.875, 17.125, 16.734375, 16.65625, 20.671875, 17.796875, 15.859375, 17.703125, 17.046875, 18.171875, 15.546875, 16.65625], [39, 34, 31, 29, 27, 21, 21, 20, 20, 16, 16, 16, 16, 16, 16, 15, 14, 12, 14, 12, 13, 13, 12, 12, 12, 12, 12, 12, 12, 12, 11, 10, 11, 11, 9, 9, 9, 11, 11, 11, 8, 8, 8, 8, 8, 8, 8, 8, 8, 8, 8, 8, 8, 8, 8, 8, 8, 8, 8, 8, 8, 8, 8, 8, 8, 8, 8, 8, 8, 8, 8, 8, 8, 8, 8, 8, 8, 8, 8, 8, 8, 8, 8, 8, 8, 8, 8, 8, 8, 8, 8, 8, 8, 8, 8, 8, 8, 8, 8, 8], array([[ 7, 12, 13,  2],
       [11,  5, 16,  3],
       [ 6,  9,  4, 14],
       [10,  8,  1, 15]]))

Representativo general simple

Cuadrado 4x4, Población 2, 30%
([51.0, 46.5, 35.5, 39.5, 43.0, 48.0, 33.0, 33.0, 38.0, 33.0, 58.0, 37.0, 39.0, 21.0, 31.5, 21.0, 21.0, 20.5, 41.0, 20.0, 20.0, 20.0, 20.0, 49.5, 20.0, 20.0, 25.0, 21.5, 20.0, 23.0, 36.0, 32.0, 23.0, 40.0, 27.0, 32.5, 16.0, 21.0, 23.5, 16.0, 28.0, 36.0, 20.0, 16.0, 16.0, 16.0, 16.0, 16.0, 40.0, 40.0], [51, 46, 33, 33, 33, 33, 33, 33, 33, 33, 33, 33, 33, 21, 21, 21, 21, 20, 20, 20, 20, 20, 20, 33, 20, 20, 20, 20, 20, 20, 20, 16, 16, 16, 16, 16, 16, 16, 16, 16, 16, 16, 16, 16, 16, 16, 16, 16, 30, 16], array([[10,  8, 12,  1],
       [ 3,  6, 15, 13],
       [11, 14,  5,  4],
       [ 9,  7,  2, 16]]))
([48.5, 34.5, 34.0, 34.0, 34.0, 34.0, 58.0, 34.0, 23.0, 23.0, 22.0, 33.5, 22.0, 23.0, 27.0, 65.0, 22.0, 22.0, 46.0, 34.5, 49.0, 45.5, 25.0, 21.5, 23.0, 21.5, 21.0, 82.0, 49.0, 21.5, 21.0, 57.5, 21.0, 21.0, 20.5, 20.5, 24.0, 20.0, 25.0, 20.0, 20.0, 44.5, 19.5, 19.5, 19.0, 18.0, 29.5, 33.5, 18.0, 45.0], [34, 34, 34, 34, 34, 34, 38, 34, 22, 22, 22, 22, 22, 22, 22, 45, 22, 22, 22, 22, 22, 22, 22, 21, 21, 21, 21, 77, 22, 21, 21, 46, 21, 21, 20, 20, 20, 20, 20, 20, 20, 20, 19, 19, 18, 18, 18, 18, 18, 18], array([[16,  9,  3,  5],
       [10,  2, 14,  8],
       [11, 15,  6,  4],
       [ 1,  7, 12, 13]]))
([66.5, 56.0, 57.0, 52.5, 52.5, 49.0, 47.0, 49.0, 47.0, 52.0, 45.0, 50.5, 56.0, 51.0, 43.5, 42.0, 44.0, 41.0, 41.0, 46.0, 40.0, 45.5, 40.0, 51.5, 37.0, 45.5, 37.0, 27.0, 27.0, 34.0, 24.5, 22.5, 21.5, 57.0, 20.0, 48.0, 26.0, 44.0, 30.5, 20.0, 24.5, 20.0, 20.0, 20.0, 53.0, 21.0, 20.0, 23.0, 35.0, 52.0], [56, 56, 56, 49, 49, 49, 45, 45, 45, 45, 45, 45, 45, 45, 42, 42, 42, 40, 40, 40, 40, 40, 40, 40, 34, 40, 34, 20, 20, 20, 20, 20, 20, 48, 20, 20, 20, 20, 23, 20, 20, 20, 20, 20, 20, 20, 20, 20, 20, 20], array([[ 6,  7,  9, 12],
       [ 4, 13, 11,  2],
       [ 8,  1, 10, 14],
       [16, 15,  3,  5]]))
([61.0, 44.0, 38.0, 38.0, 38.5, 60.0, 34.0, 34.0, 34.0, 34.0, 38.0, 34.0, 36.0, 34.0, 33.0, 33.0, 33.0, 32.0, 39.0, 60.0, 57.5, 39.0, 32.0, 53.5, 32.0, 32.0, 32.0, 50.5, 32.0, 32.0, 46.0, 32.0, 76.5, 32.0, 32.0, 32.0, 42.0, 58.0, 39.5, 35.0, 32.0, 32.0, 45.5, 40.0, 32.0, 44.5, 52.0, 35.0, 32.0, 32.0], [58, 38, 38, 38, 34, 34, 34, 34, 34, 34, 34, 34, 34, 34, 32, 32, 32, 32, 32, 32, 53, 32, 32, 32, 32, 32, 32, 32, 32, 32, 41, 32, 73, 32, 32, 32, 32, 32, 32, 32, 32, 32, 32, 38, 32, 32, 32, 32, 32, 32], array([[16, 14,  4,  9],
       [ 8,  1, 10,  3],
       [ 2,  6, 12, 15],
       [ 7, 13, 11,  5]]))
--------------------------------------------------------------------
Cuadrado 4x4, Población 4, 30%
([56.0, 49.0, 51.25, 49.75, 43.75, 40.0, 36.75, 39.0, 42.5, 47.25, 41.25, 44.5, 34.75, 31.25, 28.5, 35.25, 25.75, 32.0, 22.5, 28.75, 21.5, 24.5, 21.0, 21.0, 36.0, 21.0, 21.0, 26.75, 33.5, 28.75, 42.0, 35.25, 48.0, 19.0, 20.0, 17.0, 17.0, 23.25, 33.75, 15.5, 21.5, 15.75, 34.25, 15.25, 15.0, 18.25, 30.75, 14.5, 14.5, 24.75], [49, 44, 40, 36, 36, 34, 34, 34, 34, 34, 34, 34, 34, 23, 23, 23, 23, 23, 21, 21, 21, 21, 21, 21, 21, 21, 21, 21, 21, 21, 17, 17, 17, 17, 17, 17, 17, 15, 15, 15, 15, 15, 15, 15, 15, 15, 15, 13, 13, 13], array([[ 7, 10,  4, 16],
       [11, 12,  2,  9],
       [ 5,  3, 15,  8],
       [13,  6, 14,  1]]))
([55.75, 47.0, 49.0, 38.25, 34.75, 39.5, 33.25, 29.0, 29.0, 29.0, 29.0, 40.25, 41.5, 34.0, 50.5, 41.5, 31.0, 29.0, 29.0, 42.75, 36.0, 42.25, 29.25, 42.0, 41.5, 45.75, 29.0, 29.0, 29.0, 32.0, 40.25, 24.5, 36.25, 37.0, 41.25, 21.25, 30.25, 30.75, 20.0, 36.25, 32.5, 25.5, 20.0, 30.0, 41.0, 43.0, 20.0, 20.5, 31.0, 30.5], [46, 45, 29, 29, 29, 29, 29, 29, 29, 29, 29, 29, 29, 29, 29, 29, 29, 29, 29, 29, 29, 29, 29, 29, 29, 29, 29, 29, 29, 27, 20, 20, 20, 20, 25, 20, 20, 20, 20, 20, 20, 20, 20, 20, 20, 20, 20, 19, 19, 19], array([[ 3,  9, 15,  8],
       [12, 16,  2,  5],
       [ 4,  7, 11, 13],
       [14,  1, 10,  6]]))
([42.0, 35.5, 27.5, 29.0, 30.25, 19.5, 15.0, 25.0, 20.75, 26.25, 15.0, 18.0, 21.25, 34.75, 15.0, 22.0, 29.75, 28.5, 25.25, 26.0, 18.0, 26.5, 15.0, 17.5, 24.75, 37.75, 28.0, 20.25, 20.25, 24.25, 21.5, 23.0, 15.5, 15.0, 25.5, 15.0, 24.75, 15.0, 23.25, 26.5, 33.0, 15.0, 22.5, 15.0, 15.0, 35.5, 16.5, 15.0, 20.0, 15.0], [33, 33, 15, 15, 15, 15, 15, 15, 15, 15, 15, 15, 15, 15, 15, 15, 15, 15, 15, 15, 15, 15, 15, 12, 15, 31, 15, 15, 15, 15, 15, 15, 15, 15, 15, 15, 15, 15, 15, 15, 15, 15, 15, 15, 15, 15, 15, 15, 15, 15], array([[ 6, 16,  4, 10],
       [ 7, 14, 12,  2],
       [ 9,  3,  5, 13],
       [11,  1, 15,  8]]))
([55.0, 62.25, 48.5, 42.0, 37.75, 37.25, 44.0, 51.25, 30.0, 29.0, 43.5, 33.5, 40.5, 22.5, 24.0, 37.75, 25.75, 33.0, 31.0, 31.0, 33.0, 19.25, 20.0, 18.5, 43.75, 24.5, 30.75, 18.75, 20.0, 20.75, 18.0, 18.25, 31.5, 18.0, 24.0, 28.25, 22.5, 33.0, 29.25, 18.0, 18.0, 20.5, 28.75, 18.0, 20.5, 26.25, 20.5, 18.0, 18.0, 18.0], [45, 54, 42, 36, 36, 36, 36, 36, 22, 22, 29, 29, 19, 19, 19, 19, 19, 19, 19, 19, 19, 19, 17, 17, 19, 19, 19, 18, 18, 18, 18, 18, 18, 18, 18, 18, 18, 18, 18, 18, 18, 18, 18, 18, 18, 18, 18, 18, 18, 18], array([[16,  8,  7,  3],
       [12,  6, 11,  4],
       [ 1, 13,  2, 14],
       [ 5,  9, 15, 10]]))
--------------------------------------------------------------------
Cuadrado 4x4, Población 16, 30%
([48.6875, 41.625, 33.6875, 33.25, 29.6875, 29.6875, 30.8125, 25.9375, 30.0625, 17.8125, 14.25, 19.375, 19.625, 28.75, 18.6875, 24.0625, 17.75, 22.6875, 15.6875, 15.375, 17.25, 19.1875, 20.3125, 25.5625, 18.5625, 12.625, 15.5, 23.1875, 21.0625, 15.8125, 11.3125, 18.5, 15.4375, 16.375, 14.9375, 15.75, 24.875, 19.0, 23.0625, 13.375, 13.5, 20.8125, 14.375, 18.1875, 17.0625, 19.9375, 18.1875, 14.75, 13.6875, 20.9375], [32, 28, 16, 12, 12, 12, 12, 12, 12, 12, 12, 9, 9, 9, 12, 12, 9, 12, 12, 12, 12, 8, 12, 9, 9, 9, 9, 9, 9, 9, 9, 9, 9, 9, 9, 9, 9, 9, 9, 9, 9, 9, 9, 9, 9, 9, 9, 9, 9, 9], array([[ 4,  9, 15,  5],
       [14,  3,  6, 11],
       [ 7, 12, 13,  2],
       [10,  8,  1, 16]]))
([56.625, 49.1875, 48.625, 41.8125, 40.4375, 37.875, 34.25, 34.9375, 37.125, 32.6875, 31.375, 39.25, 30.0625, 30.625, 29.8125, 31.5625, 26.375, 28.3125, 27.1875, 26.1875, 22.6875, 33.0, 20.9375, 24.625, 23.25, 30.25, 29.9375, 22.0625, 23.875, 18.5, 19.9375, 15.0, 20.5625, 20.4375, 19.125, 30.125, 25.4375, 19.5, 16.1875, 19.875, 19.375, 21.125, 16.5625, 13.0625, 20.125, 27.25, 24.5, 18.6875, 20.1875, 14.9375], [37, 32, 32, 32, 30, 30, 24, 24, 24, 24, 22, 24, 22, 21, 21, 18, 18, 18, 18, 18, 17, 17, 17, 17, 17, 15, 15, 13, 13, 13, 13, 13, 13, 13, 13, 13, 13, 13, 13, 13, 13, 13, 13, 13, 13, 13, 13, 13, 13, 13], array([[10, 15,  7,  3],
       [ 8,  1,  9, 14],
       [ 2,  6, 16, 11],
       [13, 12,  4,  5]]))
([55.625, 49.875, 46.25, 38.125, 35.4375, 32.4375, 31.125, 34.3125, 28.3125, 34.3125, 37.375, 27.4375, 31.25, 24.0625, 26.75, 26.4375, 27.4375, 21.75, 27.625, 29.75, 29.9375, 23.0625, 23.125, 16.6875, 14.5, 20.875, 15.875, 23.5, 23.125, 15.3125, 16.3125, 24.625, 16.1875, 19.875, 22.9375, 15.0625, 15.8125, 22.875, 18.25, 9.5, 10.0625, 14.9375, 13.4375, 8.6875, 16.875, 15.625, 6.5625, 6.875, 6.6875, 8.8125], [35, 35, 33, 28, 21, 21, 21, 23, 21, 21, 21, 21, 21, 19, 15, 15, 15, 15, 15, 15, 8, 8, 8, 8, 8, 8, 8, 8, 8, 8, 8, 8, 8, 3, 8, 3, 3, 3, 3, 3, 3, 3, 3, 3, 3, 3, 3, 3, 3, 3], array([[ 4,  7, 14,  9],
       [ 5, 16, 12,  1],
       [15,  3,  2, 13],
       [10,  8,  6, 11]]))
([50.5, 41.75, 43.9375, 39.5625, 35.8125, 33.0, 37.3125, 33.25, 27.9375, 26.9375, 26.5, 28.625, 28.125, 37.3125, 26.0625, 24.1875, 28.8125, 22.875, 21.8125, 18.4375, 22.9375, 26.25, 18.8125, 23.0, 19.3125, 24.0625, 20.4375, 19.1875, 21.1875, 16.9375, 21.375, 15.25, 12.0625, 15.1875, 12.3125, 12.1875, 20.125, 21.6875, 12.3125, 13.875, 15.4375, 16.875, 15.125, 18.0625, 10.5, 13.625, 23.6875, 13.0, 15.125, 11.8125], [38, 29, 28, 28, 24, 24, 22, 22, 22, 20, 20, 20, 20, 22, 19, 18, 14, 14, 14, 13, 13, 13, 13, 13, 11, 13, 10, 10, 10, 10, 10, 10, 9, 8, 9, 9, 9, 9, 9, 9, 9, 7, 7, 7, 6, 6, 6, 6, 4, 4], array([[11,  7, 14,  3],
       [ 6, 10,  2, 15],
       [ 4, 16,  5,  9],
       [13,  1, 12,  8]]))
--------------------------------------------------------------------
Cuadrado 4x4, Población 32, 30%
([51.4375, 45.15625, 42.78125, 34.625, 33.65625, 29.59375, 34.9375, 26.90625, 29.375, 27.40625, 31.53125, 25.28125, 23.0625, 29.75, 21.0, 17.1875, 19.34375, 20.53125, 21.125, 22.5625, 27.3125, 23.5625, 18.84375, 16.1875, 18.15625, 21.375, 24.75, 19.28125, 20.0, 22.09375, 14.0625, 17.96875, 15.75, 25.1875, 18.03125, 16.84375, 18.0625, 24.3125, 19.59375, 16.4375, 17.78125, 14.875, 16.40625, 20.03125, 18.96875, 16.5, 12.5625, 19.96875, 15.9375, 15.8125], [31, 27, 17, 17, 17, 17, 16, 13, 16, 13, 13, 13, 13, 13, 13, 13, 13, 10, 10, 10, 10, 10, 10, 10, 10, 10, 10, 10, 10, 10, 10, 10, 8, 8, 8, 8, 8, 8, 8, 8, 8, 8, 8, 8, 8, 8, 8, 8, 8, 8], array([[11,  4,  5, 14],
       [12, 15,  7,  1],
       [ 3,  6,  9, 16],
       [ 8, 10, 13,  2]]))
([53.5625, 45.125, 40.40625, 36.375, 32.0625, 32.40625, 36.21875, 29.34375, 25.8125, 35.21875, 25.25, 30.4375, 26.84375, 26.9375, 31.90625, 23.8125, 23.53125, 18.6875, 25.875, 21.03125, 22.0625, 19.96875, 22.28125, 23.1875, 19.9375, 15.25, 19.5625, 17.53125, 15.15625, 12.8125, 18.4375, 22.65625, 18.34375, 16.28125, 17.90625, 20.25, 18.09375, 19.65625, 15.71875, 15.78125, 18.34375, 17.25, 16.71875, 15.3125, 17.3125, 24.125, 19.875, 23.5625, 21.09375, 23.3125], [29, 20, 20, 20, 20, 16, 16, 17, 17, 17, 17, 17, 17, 17, 15, 15, 15, 15, 10, 10, 10, 10, 10, 10, 10, 10, 10, 10, 10, 10, 10, 10, 10, 10, 10, 10, 10, 10, 10, 10, 10, 10, 10, 10, 10, 10, 10, 10, 10, 10], array([[12,  7, 15,  1],
       [ 5,  4,  8, 16],
       [ 3, 11, 10,  9],
       [14, 13,  2,  6]]))
([48.46875, 42.34375, 39.375, 38.5625, 34.75, 35.0625, 36.40625, 28.9375, 26.625, 29.125, 25.0, 27.4375, 26.09375, 23.03125, 18.25, 20.125, 16.28125, 17.34375, 17.0, 12.03125, 21.09375, 16.9375, 13.46875, 14.9375, 16.78125, 15.21875, 14.71875, 17.375, 15.6875, 13.9375, 15.375, 18.0, 22.125, 14.125, 9.15625, 9.9375, 9.625, 12.71875, 12.84375, 9.625, 12.5, 11.625, 14.59375, 13.71875, 14.3125, 9.3125, 8.5, 15.40625, 14.1875, 11.625], [29, 29, 29, 28, 17, 17, 17, 17, 13, 13, 10, 10, 10, 9, 9, 9, 9, 9, 8, 8, 8, 8, 8, 8, 8, 8, 7, 7, 7, 7, 7, 7, 7, 5, 5, 5, 5, 5, 4, 4, 4, 4, 4, 4, 4, 4, 4, 4, 4, 4], array([[13,  1, 16,  3],
       [ 7, 10,  4, 14],
       [ 2, 15,  5, 11],
       [12,  8,  9,  6]]))
([54.34375, 46.59375, 41.46875, 38.34375, 33.875, 33.71875, 32.8125, 33.84375, 34.21875, 34.71875, 31.8125, 30.375, 29.75, 30.25, 31.59375, 27.53125, 35.53125, 30.1875, 29.96875, 26.46875, 30.75, 25.09375, 24.78125, 25.71875, 26.71875, 26.34375, 25.375, 25.28125, 32.15625, 26.59375, 19.90625, 15.71875, 17.625, 19.5625, 17.09375, 18.65625, 17.65625, 19.96875, 15.90625, 19.40625, 19.65625, 20.65625, 18.125, 25.6875, 18.59375, 20.21875, 16.25, 23.6875, 17.25, 15.28125], [30, 28, 28, 26, 26, 24, 24, 24, 24, 21, 21, 18, 18, 18, 20, 20, 21, 20, 18, 18, 18, 16, 16, 16, 13, 13, 13, 13, 13, 13, 13, 13, 13, 12, 13, 12, 11, 11, 11, 11, 11, 11, 11, 11, 10, 10, 10, 11, 11, 11], array([[ 4, 14, 11,  5],
       [ 8,  7, 16,  1],
       [12,  3,  6, 15],
       [ 9, 10,  2, 13]]))
--------------------------------------------------------------------
Cuadrado 4x4, Población 64, 30%
([54.765625, 46.6875, 46.3125, 42.234375, 38.4375, 38.046875, 38.03125, 31.28125, 30.328125, 28.984375, 27.859375, 28.203125, 26.875, 26.28125, 23.75, 20.46875, 23.8125, 22.671875, 24.3125, 22.59375, 19.390625, 16.84375, 18.328125, 24.5, 19.28125, 17.125, 22.578125, 19.6875, 20.078125, 17.453125, 17.53125, 19.640625, 20.328125, 19.984375, 16.28125, 17.40625, 14.625, 16.890625, 18.46875, 13.5, 22.578125, 18.125, 19.84375, 19.6875, 18.140625, 13.296875, 17.625, 14.78125, 15.328125, 18.53125, 16.046875, 17.109375, 14.015625, 14.390625, 16.9375, 19.921875, 18.578125, 17.59375, 19.703125, 15.421875, 24.671875, 15.0, 15.953125, 17.171875, 17.234375, 18.890625, 14.203125, 18.296875, 17.09375, 19.28125, 20.046875, 16.515625, 16.171875, 20.078125, 21.578125, 17.125, 17.421875, 18.125, 17.796875, 19.84375, 16.21875, 19.609375, 14.28125, 18.0, 16.234375, 16.671875, 19.984375, 19.265625, 18.859375, 22.828125, 17.453125, 21.765625, 17.65625, 19.484375, 18.390625, 13.90625, 14.421875, 16.078125, 15.234375, 20.359375], [33, 28, 28, 22, 21, 21, 21, 13, 13, 13, 13, 13, 13, 13, 12, 12, 12, 11, 11, 11, 10, 10, 10, 10, 10, 10, 9, 9, 9, 9, 9, 9, 9, 9, 9, 9, 9, 9, 9, 9, 9, 9, 9, 9, 9, 9, 9, 9, 9, 9, 9, 9, 9, 9, 9, 9, 9, 9, 9, 9, 9, 9, 9, 9, 9, 9, 9, 9, 9, 9, 9, 9, 9, 9, 9, 9, 9, 9, 9, 9, 9, 9, 9, 9, 9, 9, 9, 9, 9, 9, 9, 9, 9, 9, 9, 9, 9, 9, 9, 9], array([[ 5, 12, 16,  1],
       [ 2,  9, 11, 10],
       [14,  7,  4,  8],
       [13,  6,  3, 15]]))
([55.078125, 47.046875, 44.28125, 38.015625, 39.515625, 38.1875, 33.5625, 30.203125, 28.25, 30.765625, 24.578125, 25.671875, 24.1875, 26.828125, 24.265625, 24.09375, 26.78125, 21.8125, 24.859375, 22.875, 22.0, 26.421875, 25.78125, 22.6875, 25.671875, 23.5625, 20.640625, 22.640625, 18.53125, 23.65625, 21.0, 20.0, 22.3125, 18.171875, 19.40625, 24.53125, 21.15625, 20.015625, 16.46875, 22.390625, 18.15625, 22.796875, 18.328125, 19.734375, 17.734375, 19.59375, 21.546875, 18.890625, 28.375, 19.265625, 17.140625, 17.15625, 20.21875, 15.78125, 20.25, 20.296875, 15.96875, 15.125, 13.78125, 15.421875, 12.125, 13.03125, 14.234375, 9.953125, 12.71875, 20.75, 14.1875, 16.453125, 17.171875, 13.65625, 11.53125, 12.03125, 12.046875, 10.71875, 11.46875, 17.203125, 12.9375, 11.0, 11.890625, 14.828125, 9.09375, 10.9375, 16.28125, 10.15625, 10.234375, 18.3125, 10.625, 14.359375, 18.171875, 14.078125, 12.46875, 11.734375, 14.640625, 21.265625, 14.25, 13.296875, 10.84375, 12.46875, 11.15625, 11.203125], [22, 22, 20, 20, 21, 21, 21, 16, 16, 16, 16, 16, 14, 14, 14, 14, 14, 14, 14, 14, 12, 12, 12, 11, 11, 11, 11, 11, 11, 11, 11, 11, 11, 11, 11, 11, 11, 11, 11, 10, 10, 10, 5, 5, 10, 10, 10, 10, 10, 9, 4, 4, 4, 4, 4, 4, 4, 4, 2, 2, 2, 2, 2, 2, 2, 2, 2, 2, 2, 2, 2, 2, 2, 2, 2, 2, 2, 2, 2, 2, 2, 2, 2, 2, 2, 2, 2, 2, 2, 2, 2, 2, 2, 2, 2, 2, 2, 2, 2, 2], array([[ 4,  9, 10, 11],
       [14, 12,  2,  6],
       [ 1,  5, 15, 13],
       [16,  8,  7,  3]]))
([52.1875, 45.046875, 42.109375, 39.25, 35.9375, 34.734375, 32.703125, 32.359375, 29.46875, 27.796875, 28.28125, 27.5, 25.515625, 24.359375, 23.71875, 24.140625, 23.9375, 28.5, 21.703125, 21.25, 18.21875, 25.578125, 21.046875, 17.8125, 19.34375, 20.140625, 15.328125, 15.71875, 18.5, 16.296875, 15.421875, 18.328125, 14.53125, 14.578125, 15.734375, 14.625, 15.9375, 13.234375, 16.15625, 17.90625, 15.390625, 10.46875, 11.328125, 15.53125, 14.296875, 12.109375, 12.3125, 10.65625, 16.28125, 14.734375, 11.5625, 10.734375, 14.078125, 12.078125, 15.53125, 13.609375, 11.90625, 11.140625, 12.921875, 16.90625, 14.28125, 14.375, 10.671875, 13.921875, 12.21875, 10.25, 11.625, 11.703125, 12.828125, 19.609375, 13.078125, 11.75, 12.296875, 18.921875, 12.84375, 15.34375, 12.140625, 15.828125, 15.625, 11.890625, 15.6875, 12.046875, 12.140625, 13.5, 12.359375, 11.703125, 13.4375, 14.578125, 12.828125, 15.734375, 16.0625, 18.140625, 14.234375, 14.125, 12.59375, 9.671875, 15.484375, 12.671875, 14.890625, 12.15625], [30, 27, 21, 19, 19, 17, 17, 17, 17, 17, 15, 15, 13, 13, 13, 9, 9, 9, 9, 9, 9, 9, 9, 9, 7, 7, 7, 7, 7, 7, 7, 6, 4, 4, 4, 4, 4, 4, 4, 4, 4, 4, 4, 4, 4, 4, 4, 4, 4, 4, 4, 4, 4, 4, 4, 4, 4, 4, 4, 4, 4, 4, 4, 4, 4, 4, 4, 4, 4, 4, 4, 4, 4, 4, 4, 4, 4, 4, 4, 4, 4, 4, 4, 4, 4, 4, 4, 4, 4, 4, 4, 4, 4, 4, 4, 4, 4, 4, 4, 4], array([[14,  5, 12,  3],
       [ 8, 10,  7,  9],
       [ 1, 15,  2, 16],
       [11,  4, 13,  6]]))

Run de 5x5:
Cuadrado 5x5, Población 32, 30%
([119.125, 103.96875, 89.125, 83.84375, 77.09375, 79.71875, 69.40625, 68.75, 65.21875, 67.21875, 63.8125, 54.71875, 58.28125, 49.25, 51.875, 56.375, 48.4375, 56.9375, 52.8125, 41.875, 43.8125, 50.3125, 42.78125, 44.90625, 56.71875, 37.75, 34.53125, 36.59375, 35.0, 36.6875, 38.46875, 25.6875, 31.90625, 32.15625, 37.65625, 34.0, 24.21875, 37.53125, 35.03125, 21.4375, 26.96875, 24.75, 28.28125, 23.8125, 31.90625, 28.1875, 34.625, 33.40625, 23.6875, 30.09375, 36.28125, 32.6875, 32.0, 39.0, 37.90625, 31.96875, 21.84375, 31.78125, 28.46875, 32.875, 33.0, 37.71875, 35.46875, 21.75, 30.40625, 31.84375, 35.25, 23.1875, 30.25, 27.59375, 28.75, 40.125, 30.78125, 24.28125, 25.1875, 27.0, 38.25, 20.6875, 21.0, 25.5625, 23.03125, 25.875, 29.8125, 22.8125, 25.125, 28.46875, 30.84375, 23.53125, 22.625, 33.34375, 22.0625, 27.96875, 25.21875, 19.6875, 36.75, 25.46875, 24.9375, 26.96875, 23.5, 15.75], [73, 66, 58, 56, 56, 45, 45, 42, 42, 42, 42, 40, 36, 36, 36, 36, 36, 36, 36, 28, 28, 24, 24, 24, 22, 22, 22, 22, 22, 22, 22, 21, 18, 17, 17, 17, 17, 17, 17, 17, 17, 17, 17, 17, 17, 17, 17, 17, 17, 17, 17, 17, 16, 16, 16, 16, 16, 16, 16, 16, 16, 16, 16, 16, 16, 16, 16, 16, 16, 16, 16, 16, 16, 14, 14, 14, 14, 14, 13, 13, 13, 14, 14, 14, 14, 14, 14, 13, 13, 13, 13, 13, 12, 12, 13, 13, 13, 13, 13, 12], array([[ 3, 18, 20, 22,  2],
       [25,  4, 12, 13, 10],
       [19,  7, 14,  1, 24],
       [ 5, 21,  8, 23,  9],
       [15, 16, 11,  6, 17]]))
([113.96875, 100.78125, 91.9375, 82.6875, 74.5625, 70.96875, 66.03125, 71.5, 63.90625, 62.53125, 65.53125, 68.03125, 57.21875, 49.78125, 43.71875, 56.9375, 43.4375, 49.875, 44.5625, 54.84375, 33.15625, 37.78125, 35.0625, 41.28125, 42.0, 33.625, 42.5, 43.90625, 38.625, 37.1875, 36.46875, 35.46875, 43.625, 38.53125, 36.125, 42.46875, 38.71875, 38.71875, 49.3125, 41.59375, 38.71875, 44.6875, 44.96875, 37.625, 38.125, 36.0625, 41.96875, 41.9375, 40.4375, 43.375, 42.96875, 36.875, 53.25, 43.71875, 42.875, 44.03125, 45.0625, 35.4375, 39.15625, 33.96875, 36.28125, 45.1875, 33.375, 32.59375, 37.375, 29.6875, 42.03125, 39.96875, 38.65625, 37.5, 34.8125, 33.9375, 35.5, 33.96875, 41.375, 29.65625, 31.78125, 28.8125, 32.71875, 36.9375, 22.0625, 49.34375, 36.875, 32.375, 38.0, 30.09375, 24.65625, 45.21875, 36.875, 33.25, 38.8125, 32.375, 25.96875, 30.09375, 37.71875, 23.75, 26.53125, 27.71875, 32.53125, 28.0625], [73, 54, 54, 54, 54, 44, 42, 42, 42, 34, 34, 30, 30, 30, 30, 30, 30, 30, 30, 29, 28, 28, 28, 28, 28, 28, 28, 28, 28, 28, 28, 28, 28, 28, 28, 28, 28, 28, 28, 28, 28, 28, 28, 28, 28, 28, 28, 28, 28, 28, 28, 24, 24, 24, 24, 24, 24, 24, 24, 24, 24, 23, 23, 24, 23, 23, 23, 21, 23, 20, 20, 20, 20, 20, 20, 18, 18, 18, 18, 18, 18, 18, 18, 18, 18, 18, 18, 18, 18, 18, 18, 16, 16, 16, 18, 16, 16, 16, 16, 16], array([[19, 12, 21,  6,  7],
       [ 2, 18, 11, 24,  9],
       [15, 20,  4, 23,  3],
       [16, 10, 17,  1, 22],
       [14,  5, 13,  8, 25]]))
([117.90625, 98.4375, 91.03125, 81.90625, 84.375, 77.75, 72.59375, 70.625, 67.53125, 73.71875, 66.4375, 63.5625, 58.40625, 56.875, 47.125, 50.375, 52.8125, 52.96875, 51.875, 51.71875, 46.03125, 44.3125, 44.5, 41.46875, 47.21875, 43.28125, 46.96875, 44.28125, 41.84375, 45.4375, 42.3125, 31.78125, 43.75, 50.4375, 38.15625, 34.28125, 42.3125, 32.5625, 35.71875, 34.21875, 31.1875, 32.1875, 29.1875, 21.90625, 28.1875, 25.5, 33.21875, 24.25, 24.125, 28.4375, 23.53125, 32.53125, 27.15625, 36.3125, 24.75, 38.34375, 21.5625, 32.46875, 19.625, 36.5, 35.34375, 32.03125, 33.34375, 27.625, 25.90625, 18.84375, 34.0625, 42.375, 28.03125, 30.46875, 18.40625, 31.03125, 14.90625, 25.78125, 29.125, 40.6875, 33.75, 23.8125, 31.3125, 28.8125, 15.90625, 25.65625, 21.0, 19.84375, 18.34375, 35.0625, 22.375, 27.46875, 22.21875, 16.46875, 27.875, 17.375, 25.59375, 27.4375, 24.5, 25.9375, 24.5, 21.09375, 27.34375, 44.09375], [77, 71, 71, 57, 43, 43, 43, 42, 42, 42, 42, 42, 41, 41, 35, 35, 35, 35, 35, 35, 33, 33, 33, 30, 30, 29, 27, 27, 27, 27, 27, 25, 25, 25, 25, 18, 18, 18, 18, 16, 16, 16, 15, 15, 15, 15, 15, 15, 15, 15, 15, 15, 15, 11, 11, 11, 11, 11, 11, 11, 11, 11, 11, 11, 11, 9, 9, 9, 9, 9, 9, 9, 9, 9, 9, 9, 9, 9, 9, 8, 8, 8, 8, 8, 8, 8, 8, 8, 8, 8, 8, 8, 8, 8, 8, 8, 8, 8, 8, 8], array([[ 2, 10, 16, 20, 17],
       [12, 24,  9, 19,  1],
       [25, 11, 13,  7,  8],
       [22, 15,  6,  5, 18],
       [ 3,  4, 23, 14, 21]]))
([110.78125, 93.53125, 94.90625, 84.84375, 68.84375, 74.34375, 61.1875, 61.875, 55.3125, 52.6875, 55.5, 59.0625, 39.8125, 50.84375, 46.40625, 41.28125, 44.09375, 48.59375, 44.375, 58.96875, 41.9375, 37.4375, 43.75, 41.71875, 40.4375, 42.21875, 32.625, 32.65625, 36.84375, 37.875, 46.96875, 38.6875, 32.84375, 37.125, 35.1875, 37.875, 35.875, 31.96875, 28.8125, 37.875, 32.78125, 34.875, 35.25, 30.09375, 28.40625, 38.1875, 33.46875, 37.25, 26.25, 27.15625, 26.0625, 38.40625, 35.6875, 34.25, 22.75, 20.375, 29.90625, 42.125, 32.71875, 36.0625, 26.3125, 34.21875, 28.75, 30.84375, 41.84375, 34.90625, 25.6875, 31.3125, 33.09375, 28.875, 37.90625, 25.28125, 40.0625, 39.0, 35.84375, 20.28125, 26.34375, 34.0, 29.375, 21.03125, 24.03125, 24.28125, 20.71875, 25.4375, 26.28125, 20.0, 19.34375, 29.15625, 26.90625, 26.4375, 26.3125, 20.75, 38.28125, 28.71875, 20.0, 16.875, 31.5, 24.4375, 29.59375, 26.875], [69, 40, 40, 40, 37, 37, 37, 33, 33, 33, 33, 32, 32, 32, 30, 28, 28, 28, 28, 28, 24, 24, 24, 18, 18, 18, 18, 18, 18, 18, 18, 16, 16, 16, 16, 16, 16, 16, 16, 16, 14, 15, 15, 15, 15, 15, 14, 14, 14, 14, 14, 14, 14, 14, 14, 14, 14, 14, 14, 14, 14, 14, 14, 14, 12, 12, 12, 12, 12, 12, 12, 12, 12, 12, 11, 11, 11, 11, 11, 11, 11, 11, 11, 11, 11, 11, 9, 9, 9, 9, 9, 9, 9, 9, 9, 9, 9, 9, 9, 9], array([[15,  2, 22, 21,  5],
       [19, 24,  1,  7, 14],
       [ 4, 11, 13, 20, 17],
       [ 6, 16,  8, 10, 25],
       [23, 12, 18,  9,  3]]))

Run de 6x6
Cuadrado 6x6, Población 16, 30%
([199.75, 179.0, 171.8125, 159.25, 138.125, 131.5625, 136.375, 141.125, 141.0625, 128.875, 132.125, 117.875, 120.6875, 104.8125, 121.0, 97.5, 87.5, 89.25, 87.6875, 96.8125, 84.75, 80.0, 84.625, 102.6875, 88.5625, 87.125, 82.6875, 102.6875, 90.8125, 80.5625, 78.0625, 106.625, 85.125, 88.5, 98.8125, 92.25, 96.0625, 84.375, 79.1875, 86.5625, 74.4375, 76.75, 70.0625, 78.125, 72.25, 77.5, 64.75, 76.625, 80.3125, 73.125, 62.5, 89.6875, 94.0, 76.4375, 63.5625, 85.3125, 66.1875, 99.5625, 64.5625, 71.4375, 60.4375, 73.0625, 72.1875, 68.875, 59.5625, 56.625, 44.6875, 58.3125, 74.5, 73.75, 68.0625, 58.875, 60.625, 58.375, 62.1875, 50.9375, 57.6875, 53.0625, 47.625, 47.9375, 47.625, 55.0625, 39.3125, 64.625, 61.0, 42.125, 45.5625, 50.625, 50.9375, 63.5625, 64.625, 52.625, 63.4375, 41.375, 52.5625, 60.8125, 33.875, 42.0625, 43.1875, 34.875], [150, 151, 126, 99, 99, 99, 95, 95, 95, 95, 95, 75, 75, 75, 75, 75, 73, 73, 73, 72, 72, 72, 67, 64, 64, 64, 64, 72, 72, 72, 72, 72, 72, 70, 64, 70, 64, 64, 64, 64, 64, 64, 64, 64, 64, 60, 60, 60, 60, 52, 59, 45, 45, 45, 45, 45, 43, 43, 43, 43, 43, 43, 43, 36, 36, 36, 36, 36, 36, 36, 36, 36, 36, 36, 36, 36, 36, 36, 36, 36, 36, 36, 36, 36, 34, 34, 34, 34, 34, 28, 28, 28, 28, 28, 28, 28, 28, 28, 28, 28], array([[19, 26, 16, 13, 34,  2],
       [27,  8, 33, 21, 17,  4],
       [ 1, 24, 14, 29, 22, 20],
       [36, 10,  9, 31,  7, 15],
       [ 3, 25, 30, 11,  6, 35],
       [28, 18, 12,  5, 23, 32]]))
([213.3125, 197.0625, 192.75, 177.875, 175.375, 163.6875, 143.0, 149.75, 131.9375, 142.5625, 126.0, 127.75, 129.0, 126.9375, 115.75, 127.3125, 109.4375, 105.75, 100.5, 120.6875, 110.6875, 96.5625, 90.625, 111.625, 104.625, 96.75, 91.3125, 83.75, 97.6875, 94.1875, 88.125, 95.5, 80.8125, 82.5625, 90.875, 83.9375, 65.4375, 69.125, 65.4375, 75.75, 68.875, 53.625, 80.125, 67.75, 54.75, 85.3125, 53.25, 46.4375, 67.3125, 58.875, 49.75, 51.8125, 71.3125, 64.1875, 76.3125, 73.0, 68.0625, 60.6875, 56.3125, 45.1875, 48.8125, 98.25, 82.3125, 67.625, 75.5625, 61.375, 93.9375, 71.875, 50.5, 62.8125, 57.4375, 54.75, 51.875, 76.25, 63.25, 38.3125, 57.875, 53.0625, 66.3125, 82.5, 79.75, 77.9375, 49.4375, 46.75, 49.3125, 45.25, 55.0625, 47.375, 57.25, 42.375, 71.9375, 58.125, 44.375, 67.75, 73.75, 53.1875, 57.8125, 50.1875, 65.5, 58.5], [176, 161, 159, 159, 126, 126, 108, 108, 108, 108, 108, 104, 104, 104, 104, 104, 104, 86, 79, 76, 76, 76, 76, 76, 76, 76, 66, 66, 66, 66, 58, 58, 48, 48, 48, 48, 48, 48, 43, 43, 43, 43, 43, 43, 43, 43, 41, 41, 41, 41, 41, 41, 41, 41, 41, 41, 39, 39, 39, 39, 39, 39, 39, 39, 39, 39, 39, 39, 39, 39, 39, 39, 38, 38, 38, 38, 38, 38, 38, 38, 35, 35, 35, 35, 35, 35, 35, 35, 33, 35, 35, 35, 35, 35, 35, 35, 35, 35, 35, 35], array([[29,  2, 28, 22, 14, 16],
       [18,  4, 17,  6, 36, 30],
       [32, 12, 10, 13, 19, 27],
       [ 3, 34, 23, 31,  9,  5],
       [20, 21, 15,  7, 26, 25],
       [ 1, 35, 24, 33,  8, 11]]))
([208.6875, 184.875, 164.125, 158.6875, 157.5, 142.0, 138.625, 130.0625, 122.75, 128.1875, 116.4375, 126.125, 106.4375, 130.9375, 101.6875, 113.3125, 102.3125, 105.125, 96.1875, 105.375, 104.625, 117.3125, 115.375, 94.125, 100.8125, 100.5625, 91.875, 118.0625, 88.625, 84.75, 85.6875, 94.25, 85.5, 87.875, 84.6875, 92.125, 88.125, 98.375, 81.9375, 96.6875, 77.6875, 85.125, 77.3125, 78.6875, 84.9375, 82.1875, 67.5625, 69.1875, 82.25, 70.5, 64.8125, 73.0625, 62.125, 68.5625, 74.4375, 61.25, 64.5625, 62.8125, 50.25, 72.1875, 81.5, 79.4375, 76.25, 61.0625, 56.375, 59.9375, 62.0625, 49.5625, 58.5625, 68.3125, 53.375, 59.875, 57.125, 59.1875, 63.875, 64.0625, 40.6875, 73.8125, 71.1875, 66.5, 56.4375, 67.5625, 62.625, 66.4375, 79.1875, 65.1875, 42.1875, 65.875, 48.25, 52.4375, 49.25, 57.1875, 48.9375, 45.75, 56.3125, 48.375, 71.625, 63.3125, 55.0, 51.5625], [155, 118, 148, 132, 132, 90, 90, 90, 90, 90, 90, 90, 90, 90, 90, 87, 88, 87, 88, 87, 87, 82, 82, 78, 78, 78, 78, 80, 82, 82, 72, 72, 72, 72, 72, 72, 72, 62, 62, 62, 62, 62, 62, 60, 60, 50, 50, 50, 50, 50, 50, 48, 48, 44, 44, 44, 44, 44, 44, 44, 44, 44, 44, 44, 44, 44, 44, 44, 44, 44, 35, 35, 34, 34, 35, 35, 34, 34, 34, 34, 34, 34, 34, 34, 34, 34, 34, 33, 33, 33, 33, 33, 33, 33, 33, 33, 33, 33, 33, 33], array([[22, 11,  4, 27, 29, 23],
       [36, 10, 16, 24, 12, 14],
       [ 2, 30, 34,  8,  5, 33],
       [28, 13, 19,  6, 31,  3],
       [ 7, 32,  1, 25, 26, 20],
       [18, 15, 35, 21,  9, 17]]))
([228.25, 209.25, 182.3125, 175.75, 160.3125, 143.0625, 144.9375, 146.5, 141.375, 138.5, 133.875, 126.3125, 132.0, 126.0625, 116.25, 122.375, 110.75, 113.0625, 97.25, 107.0625, 115.3125, 114.25, 107.5, 106.75, 103.375, 97.0, 97.9375, 105.0625, 89.8125, 89.875, 111.75, 114.9375, 80.125, 80.8125, 74.0, 82.125, 81.625, 94.625, 99.9375, 92.0625, 67.6875, 77.375, 74.6875, 72.5, 73.0625, 68.1875, 87.625, 68.375, 58.375, 60.9375, 67.125, 79.625, 81.125, 100.5625, 59.25, 57.0625, 85.5, 79.6875, 56.3125, 68.5, 58.9375, 47.5625, 56.375, 51.0625, 56.5625, 66.5625, 68.75, 52.25, 54.9375, 50.0625, 58.125, 70.6875, 82.5, 51.625, 61.1875, 59.8125, 53.5625, 51.5, 44.5625, 43.25, 64.9375, 60.125, 51.625, 70.9375, 59.5, 51.6875, 66.3125, 60.5625, 63.5, 57.1875, 45.5625, 53.0, 61.25, 62.0, 58.0, 38.3125, 55.875, 48.3125, 54.0, 50.25], [187, 158, 138, 121, 121, 125, 121, 121, 109, 109, 109, 102, 102, 102, 102, 88, 88, 88, 82, 82, 82, 82, 83, 79, 79, 79, 79, 79, 79, 71, 71, 71, 71, 67, 67, 67, 66, 66, 66, 62, 59, 56, 52, 52, 52, 52, 52, 52, 52, 52, 52, 52, 52, 52, 46, 40, 40, 40, 40, 40, 36, 36, 36, 36, 36, 38, 38, 38, 38, 38, 38, 38, 38, 38, 38, 38, 36, 36, 36, 36, 36, 36, 36, 36, 36, 36, 36, 36, 36, 36, 36, 36, 36, 36, 36, 36, 36, 36, 36, 36], array([[ 5, 22, 23, 33,  3, 24],
       [30, 19, 28, 13,  1, 20],
       [15, 12, 17, 21, 34, 16],
       [26,  8, 32, 11, 31,  2],
       [29, 27,  7,  9, 25, 14],
       [ 6, 35,  4, 18, 10, 36]]))